   0.00000
   0.00000
   0.00000
   0.00000
   0.00000
   0.00000
   0.00000
   0.00000
   0.00000
   0.00000
   0.00000
   0.00000
   0.00000
   0.00000
   0.00000
   0.00000
   0.00000
   0.00000
   0.00000
   0.00000
   0.00000
   0.00000
   0.00000
   0.00000
   0.00000
   0.00000
   0.00000
   0.00000
   0.00000
   0.00000
   0.00000
   0.00000
   0.00000
   0.00000
   0.00000
   0.00000
   0.00000
   0.00000
   0.00000
   0.00000
   0.00000
   0.00000
   0.00000
   0.00000
   0.00000
   0.00000
   0.00000
   0.00000
   0.00000
   0.00000
   0.00000
   0.00000
   0.00000
   0.00000
   0.00000
   0.00000
   0.00000
   0.00000
   0.00000
   0.00000
   0.00000
   0.00000
   0.00000
   0.00000
   0.00000
   0.00000
   0.00000
   0.00000
   0.00000
   0.00000
   0.00000
   0.00000
   0.00000
   0.00000
   0.00000
   0.00000
   0.00000
   0.00000
   0.00000
   0.00000
   0.00000
   0.00000
   0.00000
   0.00000
   0.00000
   0.00000
   0.00000
   0.00000
   0.00000
   0.00000
   0.00000
   0.00000
   0.00000
   0.00000
   0.00000
   0.00000
   0.00000
   0.00000
   0.00000
   0.00000
   0.00000
   0.00000
   0.00000
   0.00000
   0.00000
   0.00000
   0.00000
   0.00000
   0.00000
   0.00000
   0.00000
   0.00000
   0.00000
   0.00000
   0.00000
   0.00000
   0.00000
   0.00000
   0.00000
   0.00000
   0.00000
   0.00000
   0.00000
   0.00000
   0.00000
   0.00000
   0.00000
   0.00000
   0.00000
   0.00000
   0.00000
   0.00000
   0.00000
   0.00000
   0.00000
   0.00000
   0.00000
   0.00000
   0.00000
   0.00002
   0.00002
   0.00002
   0.00002
   0.00005
   0.00005
   0.00003
   0.00000
   0.00001
   0.00001
   0.00004
   0.00004
   0.00008
   0.00016
   0.00021
   0.00023
   0.00017
   0.00013
   0.00010
   0.00007
   0.00006
   0.00005
   0.00006
   0.00008
   0.00008
   0.00037
   0.00093
   0.00218
   0.00371
   0.00559
   0.00875
   0.01640
   0.02545
   0.03926
   0.05881
   0.08689
   0.14647
   0.19102
   0.26131
   0.37514
   0.52602
   0.89176
   1.24102
   1.96825
   3.24710
   5.81832
  10.48670
  18.61802
  33.37635
  61.24968
 113.85856
 206.52132
 345.13943
 527.17084
 747.92950
 981.61261
1169.55652
1285.17688
1333.03760
1355.31506
1359.44128
1349.32813
1323.76465
1292.18420
1260.48962
1226.79395
1181.46399
1113.92688
1032.06982
 935.72949
 834.20367
 730.57770
 628.90179
 532.28882
 443.39819
 365.32886
 300.43997
 245.68684
 203.42322
 168.20146
 142.48351
 119.42957
 101.23299
  86.77881
  76.95920
  68.78629
  60.05028
  52.94850
  49.86948
  46.15417
  43.23779
  39.57438
  35.45422
  34.48132
  32.40955
  32.59617
  31.81130
  30.31737
  29.64551
  28.12362
  28.75738
  31.18702
  30.43780
  27.74292
  21.88915
  18.73778
  16.67876
  16.09780
  14.94198
  14.55183
  13.33038
  12.17509
  10.85533
  10.54564
  10.27709
  10.42337
  10.06642
  10.23302
   9.36892
   9.18997
   8.84943
   8.53327
   8.18873
   7.81529
   7.34303
   6.90794
   6.29106
   6.27988
   5.49287
   5.39077
   5.72604
   5.74236
   5.60163
   4.97199
   5.31843
   5.28921
   4.93118
   4.83780
   4.18255
   4.27335
   3.63961
   3.73239
   3.39383
   3.42396
   3.30230
   3.40150
   3.18095
   3.29106
   3.00531
   3.15309
   2.75898
   2.73800
   2.51398
   2.87147
   2.80191
   2.86105
   2.59000
   2.59334
   2.36109
   2.18823
   1.88728
   1.45522
   0.92436
   0.43309
   0.24721
   0.15257
   0.09804
   0.03450
   0.02784
   0.01460
   0.00752
   0.00331
   0.00117
   0.00017
   0.00010
   0.00008
   0.00000
   0.00000
   0.00000
   0.00000
   0.00000
   0.00000
   0.00000
   0.00000
   0.00000
   0.00000
   0.00000
   0.00000
   0.00000
   0.00000
   0.00000
   0.00000
   0.00000
   0.00000
   0.00000
   0.00000
   0.00000
   0.00000
   0.00000
   0.00000
   0.00000
   0.00000
   0.00000
   0.00000
   0.00000
   0.00000
   0.00000
   0.00000
   0.00000
   0.00000
   0.00000
   0.00000
   0.00000
   0.00000
   0.00000
   0.00000
   0.00000
   0.00000
   0.00000
   0.00000
   0.00000
   0.00000
   0.00000
   0.00000
   0.00000
   0.00000
   0.00000
   0.00000
   0.00000
   0.00000
   0.00000
   0.00000
   0.00000
   0.00000
   0.00000
   0.00000
   0.00000
   0.00000
   0.00000
   0.00000
   0.00000
   0.00000
   0.00000
   0.00000
   0.00000
   0.00000
   0.00000
   0.00000
   0.00000
   0.00000
   0.00000
   0.00000
   0.00000
   0.00000
   0.00000
   0.00000
   0.00000
   0.00000
   0.00000
   0.00000
   0.00000
