 -50.18345
 -50.18345
 -50.18345
 -50.18345
 -50.18345
 -50.18345
 -50.18345
 -50.18345
 -50.18345
 -50.18345
 -50.18345
 -50.18345
 -50.18345
 -50.18345
 -50.18345
 -50.18345
 -50.18345
 -50.18345
 -50.18345
 -50.18345
 -50.18345
 -50.18345
 -50.18345
 -50.18345
 -50.18345
 -50.18345
 -50.18345
 -50.18345
 -50.18345
 -50.18345
 -50.18345
 -50.18345
 -50.18345
 -50.18345
 -50.18345
 -50.18345
 -50.18345
 -50.18345
 -50.18345
 -50.18345
 -50.18345
 -50.18345
 -50.18345
 -50.18345
 -50.18345
 -50.18345
 -50.18345
 -50.18345
 -50.18345
 -50.18345
 -50.18345
 -50.18345
 -50.18345
 -50.18345
 -50.18345
 -50.18345
 -50.18345
 -50.18345
 -50.18345
 -50.18345
 -50.18345
 -50.18345
 -50.18345
 -50.18345
 -50.18345
 -50.18345
 -50.18345
 -50.18345
 -50.18345
 -50.18345
 -50.18345
 -43.00702
 -39.18002
 -35.53344
 -32.03629
 -28.68751
 -25.48694
 -22.43439
 -19.52966
 -16.77253
 -14.16272
 -11.69992
  -9.38383
  -7.21404
  -5.19002
  -3.31136
  -1.57738
   0.01255
   1.45919
   2.76345
   3.92622
   4.94852
   5.83143
   6.57607
   7.18347
   7.65468
   7.99055
   8.19178
   8.25883
   8.19180
   7.99058
   7.65468
   7.18349
   6.57607
   5.83146
   4.94856
   3.92624
   2.76347
   1.45927
   0.01261
  -1.57732
  -3.31130
  -5.18996
  -7.21399
  -9.38378
 -11.69987
 -14.16262
 -16.77243
 -19.52957
 -22.43431
 -25.48686
 -28.68741
 -32.03617
 -35.53330
 -39.17989
 -43.00684
 -50.18331
 -50.18345
 -50.18345
 -50.18345
 -50.18345
 -50.18345
 -50.18345
 -50.18345
 -50.18345
 -50.18345
 -50.18345
 -50.18345
 -50.18345
 -50.18345
 -50.18345
 -50.18345
 -50.18345
 -50.18345
 -50.18345
 -50.18345
 -50.18345
 -50.18345
 -50.18345
 -50.18345
 -50.18345
 -50.18345
 -50.18345
 -50.18345
 -50.18345
 -50.18345
 -50.18345
 -50.18345
 -50.18345
 -50.18345
 -50.18345
 -50.18345
 -50.18345
 -50.18345
 -50.18345
 -50.18345
 -50.18345
 -50.18345
 -50.18345
 -50.18345
 -50.18345
 -50.18345
 -50.18345
 -50.18345
 -50.18345
 -50.18345
 -50.18345
 -50.18345
 -50.18345
 -50.18345
 -50.18345
 -50.18345
 -50.18345
 -50.18345
 -50.18345
 -50.18345
 -50.18345
 -50.18345
 -50.18345
 -50.18345
 -50.18345
 -50.18345
 -50.18345
 -50.18345
 -50.18345
 -50.18345
 -50.18345
 -50.18345
 -50.18345
 -50.18345
