 -36.18562
   8.25482
   8.03929
   7.79472
   7.51587
   7.18700
   6.85868
   6.52617
   6.15785
   5.80561
   5.47635
   5.16991
   4.88070
   4.61948
   4.44114
   4.27460
   4.09586
   3.94520
   3.82430
   3.74295
   3.66179
   3.56241
   3.44314
   3.32403
   3.22309
   3.20857
   3.08683
   3.02343
   2.85394
   2.82003
   2.81081
   2.75559
   2.67944
   2.55835
   2.49786
   2.55501
   2.56440
   2.55398
   2.38724
   2.24914
   2.21921
   2.22270
   2.11167
   2.09168
   2.03387
   2.13391
   1.93970
   1.96199
   1.91365
   2.02151
   2.00248
   1.92093
   1.86093
   1.77990
   1.66030
   1.63104
   1.51394
   1.53489
   1.45546
   1.46926
   1.41548
   1.21042
   1.13780
   1.07584
   1.16165
   1.24744
   1.22238
   1.18633
   1.05025
   1.04036
   0.99459
   1.06102
   1.01885
   0.98257
   0.86006
   0.88836
   0.77766
   0.71153
   0.65254
   0.60605
   0.59738
   0.46535
   0.40038
   0.46222
   0.41117
   0.20235
  -0.09083
  -0.12416
   0.09810
   0.09753
   0.00684
  -0.15589
  -0.16278
  -0.21648
  -0.23919
  -0.39878
  -0.47438
  -0.54368
  -0.57093
  -0.66187
  -0.76488
  -0.76539
  -0.90128
  -0.89951
  -1.06132
  -1.12769
  -1.19069
  -1.27290
  -1.33784
  -1.34089
  -1.25556
  -1.33101
  -1.48678
  -1.78388
  -1.90367
  -1.87933
  -1.97389
  -2.11861
  -2.47913
  -2.50138
  -2.56256
  -2.75557
  -2.80459
  -2.96953
  -3.03997
  -3.29770
  -3.40586
  -3.46807
  -3.73234
  -3.95791
  -4.20473
  -4.49623
  -5.11231
  -5.75225
  -6.53837
  -7.34983
  -8.14996
  -8.69050
  -8.97213
  -9.29309
  -9.38335
  -9.88029
  -9.95076
 -10.64683
 -10.89846
 -11.14921
 -11.14240
 -11.70167
 -11.94003
 -12.27692
 -12.51781
 -12.87564
 -13.50999
 -13.93844
 -14.08226
 -14.30167
 -14.76521
 -15.55653
 -16.19203
 -16.51792
 -16.94346
 -17.33212
 -17.81690
 -18.15885
 -19.11287
 -19.67420
 -20.14145
 -20.64850
 -21.40344
 -21.88070
 -22.55916
 -23.51934
 -24.20957
 -24.80854
 -25.11007
 -26.29662
 -26.99783
 -28.32851
 -28.80558
 -29.64434
 -29.95842
 -30.49341
 -30.89213
 -31.52654
 -32.05230
 -29.54791
 -29.55103
 -29.55750
 -30.49214
 -30.49786
 -30.51602
 -34.85664
 -31.47526
 -31.48218
 -31.47866
 -36.18562
 -35.23731
 -32.42420
 -32.33258
 -36.18562
